50 0 0 5
 0 0.0 0.0 0 
 1 2 3 4 5 6 7 8 9 10 11 12 13 14 15 16 17 18 19 20 21 22 23 24 25 26 27 28 29 30 31 32 33 34 35 36 37 38 39 40 41 42 43 44 45 46 47 48 49 50
1  2 	# TRAIT
 0.9999 0.0001
 1
 0.000 0.000 1.000
3  2 	# SNP_A-1509443
 0.8750 0.1250
3  2 	# SNP_A-1508673
 0.0750 0.9250
3  2 	# SNP_A-1507541
 0.7750 0.2250
3  2 	# SNP_A-1509865
 0.9500 0.0500
3  2 	# SNP_A-1519573
 0.3000 0.7000
3  2 	# SNP_A-1513179
 0.8250 0.1750
3  2 	# SNP_A-1510443
 0.7250 0.2750
3  2 	# SNP_A-1507353
 0.3750 0.6250
3  2 	# SNP_A-1519231
 0.3500 0.6500
3  2 	# SNP_A-1507373
 0.3250 0.6750
3  2 	# SNP_A-1509522
 0.2000 0.8000
3  2 	# SNP_A-1509893
 0.4000 0.6000
3  2 	# SNP_A-1516731
 0.8000 0.2000
3  2 	# SNP_A-1509795
 0.9250 0.0750
3  2 	# SNP_A-1517556
 0.2190 0.7810
3  2 	# SNP_A-1513145
 0.6000 0.4000
3  2 	# SNP_A-1511355
 0.5000 0.5000
3  2 	# SNP_A-1510029
 0.5500 0.4500
3  2 	# SNP_A-1515762
 0.1500 0.8500
3  2 	# SNP_A-1507454
 0.3500 0.6500
3  2 	# SNP_A-1512563
 0.5000 0.5000
3  2 	# SNP_A-1516051
 0.9000 0.1000
3  2 	# SNP_A-1519125
 0.3750 0.6250
3  2 	# SNP_A-1511262
 0.8000 0.2000
3  2 	# SNP_A-1512489
 0.2750 0.7250
3  2 	# SNP_A-1518618
 0.5000 0.5000
3  2 	# SNP_A-1510136
 0.0250 0.9750
3  2 	# SNP_A-1516848
 0.6250 0.3750
3  2 	# SNP_A-1511502
 0.9500 0.0500
3  2 	# SNP_A-1511423
 0.4500 0.5500
3  2 	# SNP_A-1510284
 0.2750 0.7250
3  2 	# SNP_A-1514652
 0.3000 0.7000
3  2 	# SNP_A-1512238
 0.8750 0.1250
3  2 	# SNP_A-1513209
 0.2750 0.7250
3  2 	# SNP_A-1517386
 0.4000 0.6000
3  2 	# SNP_A-1515317
 0.01 0.9900
3  2 	# SNP_A-1510897
 0.5750 0.4250
3  2 	# SNP_A-1511193
 0.5000 0.5000
3  2 	# SNP_A-1514629
 0.8250 0.1750
3  2 	# SNP_A-1514819
 0.2000 0.8000
3  2 	# SNP_A-1510640
 0.6000 0.4000
3  2 	# SNP_A-1510272
 0.5590 0.4410
3  2 	# SNP_A-1513213
 0.4000 0.6000
3  2 	# SNP_A-1515839
 0.01 0.9900
3  2 	# SNP_A-1516287
 0.8950 0.1050
3  2 	# SNP_A-1518011
 0.1500 0.8500
3  2 	# SNP_A-1509199
 0.3000 0.7000
3  2 	# SNP_A-1511769
 0.9410 0.0590
3  2 	# SNP_A-1512402
 0.2250 0.7750
 0 0
 0.1  0.169012  0.116612  0.037690  0.065637  0.053693  0.031217  0.088913  0.045968  0.054710  0.056618  0.048175  0.032117  0.050336  0.021970  0.038548  0.014040  0.028623  0.056305  0.037625  0.014760  0.032908  0.036199  0.054729  0.046746  0.024194  0.023289  0.045004  0.071056  0.045857  0.059507  0.053424  0.035278  0.034018  0.040848  0.036267  0.019650  0.010776  0.031010  0.042341  0.107076  0.056913  0.057784  0.034818  0.026081  0.049213  0.066015  0.123129  0.089207
 1      2.0  1.0
