#Chr    Genpos       Marker     Physpos    Nr
 01   3.45649017 SNP_A-1509443    3088998    1
 01  24.08271517 SNP_A-1508673   13892992    2
 01  37.36074692 SNP_A-1507541   19372422    3
 01  41.27933442 SNP_A-1509865   22783965    4
 01  48.31573332 SNP_A-1519573   29899693    5
 01  53.99573020 SNP_A-1513179   34013530    6
 01  57.21914468 SNP_A-1510443   36650611    7
 01  67.00931812 SNP_A-1507353   43301790    8
 01  71.83129412 SNP_A-1519231   49535005    9
 01  77.62539097 SNP_A-1507373   55684721   10
 01  83.63416658 SNP_A-1509522   59258778   11
 01  88.69983133 SNP_A-1509893   63075374   12
 01  92.01931662 SNP_A-1516731   65817916   13
 01  97.32466568 SNP_A-1509795   70005171   14
 01  99.57141884 SNP_A-1517556   73694407   15
 01  103.58293162 SNP_A-1513145   78954004   16
 01  105.00697378 SNP_A-1511355   80728907   17
 01  107.95444153 SNP_A-1510029   83342859   18
 01  113.92792958 SNP_A-1515762   89771228   19
 01  117.83957550 SNP_A-1507454   94600797   20
 01  119.33780734 SNP_A-1512563   97038329   21
 01  122.74189848 SNP_A-1516051  101711149   22
 01  126.49947741 SNP_A-1519125  106395360   23
 01  132.29570478 SNP_A-1511262  111710129   24
 01  137.20348445 SNP_A-1512489  115799772   25
 01  139.68338762 SNP_A-1518618  117899555   26
 01  142.06827846 SNP_A-1510136  145720880   27
 01  146.78428564 SNP_A-1516848  151602008   28
 01  154.44840057 SNP_A-1511502  157830107   29
 01  159.25821299 SNP_A-1511423  160570623   30
 01  165.59389343 SNP_A-1510284  163480929   31
 01  171.24381618 SNP_A-1514652  167441820   32
 01  174.90229546 SNP_A-1512238  170626787   33
 01  178.42537165 SNP_A-1513209  175414782   34
 01  182.68668519 SNP_A-1517386  180180910   35
 01  186.45161635 SNP_A-1515317  183735419   36
 01  188.45628071 SNP_A-1510897  186328945   37
 01  189.54571246 SNP_A-1511193  188614288   38
 01  192.74701448 SNP_A-1514629  192124463   39
 01  197.17122634 SNP_A-1514819  199415672   40
 01  209.22077489 SNP_A-1510640  205082748   41
 01  215.26291061 SNP_A-1510272  210315559   42
 01  221.40339029 SNP_A-1513213  214834712   43
 01  225.01234949 SNP_A-1515839  217412610   44
 01  227.69091476 SNP_A-1516287  221298635   45
 01  232.87152229 SNP_A-1518011  227942720   46
 01  239.95140743 SNP_A-1509199  232064690   47
 01  254.08670277 SNP_A-1511769  237851788   48
 01  263.91260254 SNP_A-1512402  242374397   49
