101 0 0 5
0 0.0 0.0 0
1 2 3 4 5 6 7 8 9 10 11 12 13 14 15 16 17 18 19 20 21 22 23 24 25 26 27 28 29 30 31 32 33 34 35 36 37 38 39 40 41 42 43 44 45 46 47 48 49 50 51 52 53 54 55 56 57 58 59 60 61 62 63 64 65 66 67 68 69 70 71 72 73 74 75 76 77 78 79 80 81 82 83 84 85 86 87 88 89 90 91 92 93 94 95 96 97 98 99 100 101
1 2 # TRAIT
0.9999 0.0001
1
0.000 0.000 1.000
3 2 # marker1
0.5000 0.5000
3 2 # marker2
0.5000 0.5000
3 2 # marker3
0.5000 0.5000
3 2 # marker4
0.5000 0.5000
3 2 # marker5
0.5000 0.5000
3 2 # marker6
0.5000 0.5000
3 2 # marker7
0.5000 0.5000
3 2 # marker8
0.5000 0.5000
3 2 # marker9
0.5000 0.5000
3 2 # marker10
0.5000 0.5000
3 2 # marker11
0.5000 0.5000
3 2 # marker12
0.5000 0.5000
3 2 # marker13
0.5000 0.5000
3 2 # marker14
0.5000 0.5000
3 2 # marker15
0.5000 0.5000
3 2 # marker16
0.5000 0.5000
3 2 # marker17
0.5000 0.5000
3 2 # marker18
0.5000 0.5000
3 2 # marker19
0.5000 0.5000
3 2 # marker20
0.5000 0.5000
3 2 # marker21
0.5000 0.5000
3 2 # marker22
0.5000 0.5000
3 2 # marker23
0.5000 0.5000
3 2 # marker24
0.5000 0.5000
3 2 # marker25
0.5000 0.5000
3 2 # marker26
0.5000 0.5000
3 2 # marker27
0.5000 0.5000
3 2 # marker28
0.5000 0.5000
3 2 # marker29
0.5000 0.5000
3 2 # marker30
0.5000 0.5000
3 2 # marker31
0.5000 0.5000
3 2 # marker32
0.5000 0.5000
3 2 # marker33
0.5000 0.5000
3 2 # marker34
0.5000 0.5000
3 2 # marker35
0.5000 0.5000
3 2 # marker36
0.5000 0.5000
3 2 # marker37
0.5000 0.5000
3 2 # marker38
0.5000 0.5000
3 2 # marker39
0.5000 0.5000
3 2 # marker40
0.5000 0.5000
3 2 # marker41
0.5000 0.5000
3 2 # marker42
0.5000 0.5000
3 2 # marker43
0.5000 0.5000
3 2 # marker44
0.5000 0.5000
3 2 # marker45
0.5000 0.5000
3 2 # marker46
0.5000 0.5000
3 2 # marker47
0.5000 0.5000
3 2 # marker48
0.5000 0.5000
3 2 # marker49
0.5000 0.5000
3 2 # marker50
0.5000 0.5000
3 2 # marker51
0.5000 0.5000
3 2 # marker52
0.5000 0.5000
3 2 # marker53
0.5000 0.5000
3 2 # marker54
0.5000 0.5000
3 2 # marker55
0.5000 0.5000
3 2 # marker56
0.5000 0.5000
3 2 # marker57
0.5000 0.5000
3 2 # marker58
0.5000 0.5000
3 2 # marker59
0.5000 0.5000
3 2 # marker60
0.5000 0.5000
3 2 # marker61
0.5000 0.5000
3 2 # marker62
0.5000 0.5000
3 2 # marker63
0.5000 0.5000
3 2 # marker64
0.5000 0.5000
3 2 # marker65
0.5000 0.5000
3 2 # marker66
0.5000 0.5000
3 2 # marker67
0.5000 0.5000
3 2 # marker68
0.5000 0.5000
3 2 # marker69
0.5000 0.5000
3 2 # marker70
0.5000 0.5000
3 2 # marker71
0.5000 0.5000
3 2 # marker72
0.5000 0.5000
3 2 # marker73
0.5000 0.5000
3 2 # marker74
0.5000 0.5000
3 2 # marker75
0.5000 0.5000
3 2 # marker76
0.5000 0.5000
3 2 # marker77
0.5000 0.5000
3 2 # marker78
0.5000 0.5000
3 2 # marker79
0.5000 0.5000
3 2 # marker80
0.5000 0.5000
3 2 # marker81
0.5000 0.5000
3 2 # marker82
0.5000 0.5000
3 2 # marker83
0.5000 0.5000
3 2 # marker84
0.5000 0.5000
3 2 # marker85
0.5000 0.5000
3 2 # marker86
0.5000 0.5000
3 2 # marker87
0.5000 0.5000
3 2 # marker88
0.5000 0.5000
3 2 # marker89
0.5000 0.5000
3 2 # marker90
0.5000 0.5000
3 2 # marker91
0.5000 0.5000
3 2 # marker92
0.5000 0.5000
3 2 # marker93
0.5000 0.5000
3 2 # marker94
0.5000 0.5000
3 2 # marker95
0.5000 0.5000
3 2 # marker96
0.5000 0.5000
3 2 # marker97
0.5000 0.5000
3 2 # marker98
0.5000 0.5000
3 2 # marker99
0.5000 0.5000
3 2 # marker100
0.5000 0.5000
0 0
0.1 0.00497508312542 0.00497508312542 0.00497508312542 0.00497508312542 0.00497508312542 0.00497508312542 0.00497508312542 0.00497508312542 0.00497508312542 0.00497508312542 0.00497508312542 0.00497508312542 0.00497508312542 0.00497508312542 0.00497508312542 0.00497508312542 0.00497508312542 0.00497508312542 0.00497508312542 0.00497508312542 0.00497508312542 0.00497508312542 0.00497508312542 0.00497508312542 0.00497508312542 0.00497508312542 0.00497508312542 0.00497508312542 0.00497508312542 0.00497508312542 0.00497508312542 0.00497508312542 0.00497508312542 0.00497508312542 0.00497508312542 0.00497508312542 0.00497508312542 0.00497508312542 0.00497508312542 0.00497508312542 0.00497508312542 0.00497508312542 0.00497508312542 0.00497508312542 0.00497508312542 0.00497508312542 0.00497508312542 0.00497508312542 0.00497508312542 0.00497508312542 0.00497508312542 0.00497508312542 0.00497508312542 0.00497508312542 0.00497508312542 0.00497508312542 0.00497508312542 0.00497508312542 0.00497508312542 0.00497508312542 0.00497508312542 0.00497508312542 0.00497508312542 0.00497508312542 0.00497508312542 0.00497508312542 0.00497508312542 0.00497508312542 0.00497508312542 0.00497508312542 0.00497508312542 0.00497508312542 0.00497508312542 0.00497508312542 0.00497508312542 0.00497508312542 0.00497508312542 0.00497508312542 0.00497508312542 0.00497508312542 0.00497508312542 0.00497508312542 0.00497508312542 0.00497508312542 0.00497508312542 0.00497508312542 0.00497508312542 0.00497508312542 0.00497508312542 0.00497508312542 0.00497508312542 0.00497508312542 0.00497508312542 0.00497508312542 0.00497508312542 0.00497508312542 0.00497508312542 0.00497508312542 0.00497508312542
1 2.0 1.0
