11 0 1 5
 0 0.0 0.0 0 
 1 2 3 4 5 6 7 8 9 10 11
1  2 	# TRAIT
 0.9999 0.0001
 1
 0.000 0.000 1.000
3  2 	# rs1
 0.5000 0.5000
3  2    # rs2
 0.5000 0.5000
3  2    # rs3
 0.5000 0.5000
3  2    # rs4
 0.5000 0.5000
3  2    # rs5
 0.5000 0.5000
3  2    # rs6
 0.5000 0.5000
3  2    # rs7
 0.5000 0.5000
3  2    # rs8
 0.5000 0.5000
3  2    # rs9
 0.5000 0.5000
3  2    # rs10
 0.5000 0.5000
 0 0
 0.1  0.090635  0.090635  0.090635  0.090635  0.090635  0.090635  0.090635  0.090635  0.090635
 1      2.0  1.0

